[3977 5732 5353 6119 7658 7120 1445 3827 2272 3377 8288 2017 8578 6392 6273
 4835 3094 9239 7144 6618 2750 8050 3060 9589 6731   74  197 6721  289  816
 7729 5051 6143 3151 8396 8418 4354 7672 4699 1703 3751 5967  106 9647 9488
 7685  498 1889 2324 2050 1432 1713 4151  646 3983 4135 5239 5347 7595 3143
 1312 2251 7862 7679 6347 4760 9718 7270 4302 3860 7675 3913 7362  867 9110
 7238 2920 5159   28 8998  296 2371 8657 9733 4680  478 6607 8535 5311 3364
 4666 6256 2000  920 8511 2605 2703 6488 2814 6866 5771  579 8568 8733 1938
  796 2886 4368 5905 9365 7032  924 7985 7257 6886 1126  795 3814 4686 1038
 7884 3387 5957 6402 1430 4967 2351 7193 5778 2469 2822 2451 9080 9173 1942
 3128 5815 9727 1936  893 6816 6537 7205 2102 4175 2641 8825 8590 9968 3362
 9738 3325 4063 4350 6401 6685 1710 9729 6761 6467 3872 6039 7277 1136  523
 1369 4727  123  812 8060 7509 3366 5312 2425 5099 8102 2818 8571 9590 8152
 8398 8669  798 9319 6952 6179 9966 5293 2314 4866 1674 7229 2728 7159 1728
 5014 4933 5898 3914 6225  330 3211 4608 6564 3614 5233 4589 9104 4794 1792
 2079 9013 5811 6545 8092  174 7421 6670 4202 5896 2159 2804 1255 6873 4913
 6590 8364 4003 9280 5067 7740 8221 8466 5917 5131 3598 4662 6811 4191  314
 3161 4517 5962 3042 8751 1165 6673 6166 3631 5813 4667 1682 7829 6520 8085
 1403 7816 5807 5222 3242 1656 4223 8178 8743 6380 1685 4042 1062 2300 2094
 4439 1952 7174 9160 2381 4812 5264 1875 1843 1736 5432 7753 9841 2370 3942
 6596 6371 8583 7840 6147 8542 7413 2560 6066 1343 6464 1467  413 6807 3181
 1097 3326 3686 2137 1402 4891 9663 3496 3122  617  481 8176 3703 9930 2224
 5907 5117 1970 9038 1658 4218 6384 9837 3626 2766 5442 2938 9680  358 7405
  280 1653 8727 1821 1707 9700 7611 9933 3546 2209 3223 9872 7780 7547 1068
 9602 9145 6120  586 5471 9661 2307 7285 9127 4106 4520 9120 7599  138 1795
 5360 3029  511 3173 8359  476 8220 7336 6272 6434  539  863 4390 7779 3971
 6304 3521 5676 7006 6679 9932 7295 8047 8410 2576 8854 2125 8167 6698 3756
 4632 4257 1547 2374 3845 1834 6182 6584 2110 5781 7327 2262 8924 1227 2152
  735 4210  173 1299 4784 4345 8300 2903 9175 3150 7668 4267 2893  175   98
 5859 7557  769 7588 9482 2092 6232 7127 1016 2342 5834 2345 7587 6876 5053
 8337 5698 2058 5699 4687 8093 4664 2798 8595 9797 7752 5652 4000 7349 6070
 4213 1791 5436  225 4393 3092  234 3900  439    8 3429  786 9383  654 6124
 1774 4536 9017 8432 7250 5116 1900 3886 4396 6647 5648 1752 8289 7315 7114
 4625 3224 3527 7716  755 5325 9800  379  521 1380 3334 7119 9088 7889 6686
 1812  460 1677 7427 6914 2384 2820 5204 6907 1610 7579 7947 9553 3079 4356
 2694 7546 3523  679 2359 3411 9032 5429 1814 6449 2068 7680 9508 8344 9809
 8379 6616  430 5563 7296 6789 7130 6745 7002 4974 7805 4072 9441 5653 8537
 4220 6995 7306 4171 5987   76 1130 4012 4946 9697 1951 3322 3241 2182 9519
 6036 7559 9097 2234 1784 3738 2570 3653 5485 4879 4855 3158 8867 6358  603
 3292 8700 2315 3701 9770 7642 7990 8490 3088 1637 2734 4315 5627 8143 9262
 8826 9432 5185 2891 3770 6702 4487 6763 4556 9659 6561 6195 7807 7747 8065
 3531 6171 8258 2624 2862 5443 8790 5703 2363 6462 1705 7233  279   79 5228
 5414 3321 6411 1540  993 4508   99 1719 9050 2705 8666 5284 3820 9742 7987
 8239   56 3221  112 6986 5723 1442 7113  849 5326 2527 9388 6963 4541 8367
 5402 2296 8776 4486 2568 3147 8394 8104 6060 9591 2263 9652 2626 9938 1711
 6439 8293 3615 3360 6240 7838 9172 5689 8018 4980 6475  845 1436 1319  388
 3978 9453 8780 3533 2392 4065   69 5937 4783 2439 2181 7215  567 2897 6346
 7460 8193 1179 3098 1862 2479 8331 6949 5642 1598 8516 2212 4821 9601 2851
 1256 9150 7015  508  907 2046 9164 1202 6125 8922 2847 6859 2896 2712 2832
 9609 5964 9434 1564  741 9879 6506 5728 3754 5417 1591 6501 4099 4592 6804
 7647  529 7099 6140 3228 3040 9066 2043 8916 1248 5608 4432 3444 1790 3791
 2610 9053 2587 8214 6180 9705 5136 7192 3980 7330 5181 8347   18 3637 5038
 6105 6035  351 4725 6942 2015 6349 7667   91 7224 9918 4470 4805 8687 2877
 7491 5090 7252 4275 1579 6742 1017 9920 8665 4006 1723 2455 7774 4062 3317
 4311 4947 8346 8510  842  252 9085 6312  638  814 2962 5296 2966 1000 8006
 4840 4252 7333 9923 2882 9155 7520 4179 4095 8541 3851 9458  308  544 7718
 9329 1528  653 2294 6891 4253 4585 3432 1580 6461 8864 5791 5162 3690  428
 9975 5059 2074 5040 5227 6132 2282 4117 7267  717 9223 8914 3303 9163 4590
  930 9711  734 3074 8622 9346 4004 6048 2593 7382 7995 6251 8594 4661 8048
 8029 7794 2454 9156 4050 5933 3083 5980 1840 4629 6510 1909 3822  110 9887
 8709 6540 4653 5577 6350 2013  936 7381 2472 1950 7235 9452 6728 2871 6164]