[5152 8376 7598 5245 1625 9057 2286 5406 2106 9911 6233 4121 4884 8347 2395
 6027 2077 6319 4024  388 6682 6245 5411  226 7656 5933  554 6703 1701 2574
 3363 3008 8396 8421 6683 2041 8841  795  835 5302 8236 5571 4564 5997 8832
   98 1748 3802 2430 7333 4652 7350 8030 7146 1539 4488 4257 7165 5294 8088
 6759 9479 5341 6000 1002 5521 7404 3531 1257 5059 4227 5663 5624 1424 3206
 5584 2335  506 7457  470 6823 8268 1418 3309 9684 7244 2802 6949 3076 3498
 3171 3760   99 2643 7618 5593 3308 2266   86 3135 3489 3891 7630 6549  640
  782 4369 3605 3130 6270 7796 7200 7451  844 9296 2296 3728 1267 5242 1600
 3555  601 3273 9241  350 7206  794 4505 2544 6961 4637 5913 5791 6516 9417
 9937 5385 8963 1484 7497 3998  146 7496 4319 9270 4799  268 8315 1162  445
  767 9467 7328 3677 8524 3070  187 6289 6590 4192 5410 6158 2499 5153 4785
 4439 2344 7252 7762 9645  511 9972 5601 3869 1563 3667 4479 1225 8540 8980
 3871 8973 7413 9592 8151 6636 5318 2338 5015 1343 3809 9390 4486 4197 8091
 3271 5755 3142 9660 2484 9055 4298 9029 5782 5291 4922 6522 7198 1477 6490
 1614 1017 3771 3291 2795 8731 2380 2182 6771 8223 6283 3379 8440  395 8054
 5442  590 8209 9138 4353 5956  463 8093 5176  330 1916 4726 9617 4559 4927
 2024 5281 9071 8777 1286  719 4565 6440 9416 1238 7593  157 5794 4591 1471
 9589 6565 9524 8490 7297 6932 6432  951 5307 7529 4352 9709 7171 6748 2385
 6176 8341 3755 4378 4586 1476 1599  791 3134 4296 4336 5708 7108 1711  263
 8511 4888 2975 8726 2559 9051 2718 8916 8602 2937 8634 8186 4118 4959 8652
 9604 2598 2630 1390 2065 2366 3170 6244 4244 4699 3108 5614 9982 3230 3032
 8230 6667 3267 7222 1574 6062 1380 3118 4204 9411 4166 2907 5846 3326 1210
 4708 2403 2872 5474 5350 7367 8758 9525 7555 7876 1698 8056 9570   52 7051
 4514 9272 4650 3933  944 3455 4713 5459 3668 3153 7135 2825  882 8171 1172
 7127  723 4300 3456 5632 9436 5219 3059 9861 1016 3272  551 9818 1754 4150
 2415 9364 2792 4780 5010 4962 6384 9871 2237 7742 4348 8537 4663 1396  138
 3657 9913 6061 6020 1032 7935 2689 7815  716 4771 4314  836  650 3706 6812
 1447 3084  992   41  905 7908 9070 3650 3319 3221 4786 5819  627 8455 4901
 6299 4480 2418  577 1138 8460 8191  251 4801 1160  503 3143 1277 6680 1504
 1399 4177 8304 6482 4056 1852 3282 5191 5659 6354 8417 5579 7055 1929 3045
 7476 8660 5244 2593 6864  172 4820  848 5876 6577 9542 6173 1831 4516 5082
 8762 7788 4005 7043  598 6387 6740 4880 6029 2799 5351  765 6449 3989 9568
 8863  698 9170 3621 1094 3708 7467   53   45 7194  885 2597 9814 4266  134
 1493 8234   39 9889 8487 1501 9974 5321 4179 2221 9853  203 3980 3563 7088
 6750  385 5575 3443 5627 7037 4156 8477 5522 1133 1079 2659 4735  954  349
 8631 5652  468 3011 9707    9 8786 2000 4482 3448 6943 8360 9765 9852 6968
  346 1164 2285 1745 8872 3765 3419 8529 7459 2946 9969 8105 9607 9653 2363
 9387 8597 2803 9203 6751 3904 9582  130 7089 1479 8981 3698 1660 7210 1400
 3876 1861 6521 5161 3156 9990 5696 2292  221 9400 1492 1968 7959 2733 1791
 1542 9757 9594 2015 3550 7969 9977 4281 9837 7416 7686  675 9093 1615 5749
 2253 6446 4665 6002 8404 9872 3026 5184 2107  128 9002 7316 9721 4808 1487
  833 2614 5160 1829 7980 1070 5739 5229 6084 2970 3591 5742 8510 8167 1986
  652 8114 6406 5226 1248 6344 8603 1022 9710 1056 4797 9689 3327 3986 5445
 7912 6056 5650 4019 7272 1028 9045 2531 1699 4229 5591 5189 9234 4510 1657
 7805 8737 1602 5815 7635 8650 3715 4175 9960 7436 3909 8617 8148 7828 1764
 2848 7936 4065 7030 1309 9730 3337 6802 2940 2695 5961  798 5681 1988 1066
 6996 6513 2996 7086  968 1209 2903 1251 3305 8019 7142  376 5360 9367 1134
 3057 6508 6692 9035 7535 4623 1428 9785 9650 8807 9274 5922 6121 1170 2214
 4307 8729 1547 1385 7412  419 3449 5628 6923 5509 2489 4869 3047 6221 9564
 6164 8639 2444 5477 8067  375 8040 2933 1704 6960 8983 7058 6246 9454  575
 1637 9985 3604 6947 7320 9341 9682 4857 7517 7311 6582 4030 5443 6372 9345
 8850 5441 5841 6346 1342 3384 4485 6649 8577 8890 3993 8722 6083 9319 4071
 3628 9418 4487 9447 7874 5471 1297 2426 4588 1580 7511 5019 2270 1454 6509
 2609 8102 3678  927 7284 5836  832 1490 5101 4859 1795 4849 4790   61  931
 8858 1849 7751 8046 7883 7745 2721 5746 8369 2265 1328 6892  748 9484 3691
 2054 6558 4190 2819 7682 4578 4716 4958   19 1335 3341 4967 8745  513 1040
  853 4782 7430 9078 6527 2867 5705 6859 8265 4383 5169 7820 2748 8938 2935
 9498 5381 9941  199 2866 4375  708  930 9782 9248 2727 1998  829 1985 9809
 9065 8217 9424 5513 8157  407 4624 6181 1741 2037 1530  145 2401 1178 2911
 6796 5144 4971 4186 7163 8619 6555 8180 2011  211 6878 6861 3843 5068 6822]