[5815 5675 2991 8942 2881 6630 5556 4615 4969 1855 1188 6860    7 6179 9645
 4608  832 4771 4004  880 9624 9117 1621 9330 8017  789 7103 1654 6894 1448
 4390 8128 3573 1235 7612 8753 3713 9792 5518 1453 4259 4068 2290 2628 5937
 7739 2966 4439 1116 1842 3756 3118 5528 3136 4357 8439  449 6337 8649 3029
  907 1644 3482 3816 6602 5423 8175 1766 8696 4893 3859 2822 5818 5214  638
  955 6645 2692 9718  735  725 7676 6493 7471 1607 5308 6016 1219 9039 2129
 9880 8052 6793 1311 1542 2569  447 7241 5335  542 8833 8505 9986 6499 7213
 9182 9391 6713 4033 4859 3229 7143  602 5041  728 7389 6372 9746 7224 2226
 4870 4990 5110 9954 2400 1108 2481 6373 3236 3531 8760 6997 1321 3933 5735
 9772   84 6829 5470 3390 8328 9281 9381 1926 9872 5720 3555 6392 7131 3276
 3418 8569 1012 6901 1969 7470 5554 2443 7975  960 6824 3100 9575 7834 9542
  824  162 8668 1869 1095 9663 8867 1613 9817 9224 3789 8070 6664 5522 8182
 4338 4835 4715 1582 4801 2404 5566 5657 4164  726 3633 1334 7327 1372 3034
 8103 8884 4784 3707 7716 3797 4105 8084 1905 4116 9944  945 2700 9428 3204
 3432 4538 8732 1787 3223 9699 2890 6840   33 8548 3769 3408 6450 7999 6284
 5448 2510 6546 2393 6951 2247 3914 1109 8173 6691 2968 1862 4386 1400 4531
 5804 6429 1512 6494 8997 5834 9373 9656 3436 7640 3167 6625  158 3546 2330
 5557 5580 8829 1524 1059 6183 8756 9297   62 2929 8595 6663 8414 2987 4110
 8270 6710 7111 8645 6757 7601 8378 1178 2291 7712 4519 6576 6393 6688 4948
 5480 7830  175 3008 8849 4130 9562 1876 1556 7185 2441  117 2758 7636 6942
 1989 3098 5940  628  605 2940  751 4475  650 7353 2650 9727 9983 6389 5333
  810 8381 3928 7928 2496   82 8582 6283 4012 1260 5718 5132 2139 9615 5463
 9850 6705 8714 2262 7236 1825 6037 4661 3984 8752  368 9759  108 4906 7034
 9004 4929 5876 9360 3460 8576 6043 8779 2411 6981 6332 2621 6990 9126 7801
 4706 3144 3330 3177 8932   45  873 4426 1522 1022 2445 1240 5271 1317 3786
 3990 5633  341 2101 9889 8812 8015 8089 9070 4905 7244 5265 4799  763 1660
 7288 6406 5976 6368 6741 3723 1430 2931 1024  825 6886 9974 2292 2523   58
 3076 1821 9945 2939 5517  530  512 4596  614 1113 1649 6993 4060 5977 6184
 6511 6026 8657 3062  762 8770 1337 9456 3356 4128 9382 9881 5162 8774 6749
 8238  273 8961 8841 1973 5618 1764 5203 6734 5531 9503  570 7842 3562 6772
 6465 4881 7725 1180 4055 1998 5427 1991 5010 5927 2755 1985 6964   34 7220
  756 2598    2 2189 6970 9809 2140 1910 2114 2469 5000 5582 2568 4581 7319
 1618  681 1242 5706 9343 8863 5752 9736 7762 7811 1101 7650 4037 7639 7989
  764 4001 9519 1456 1824 7843  194 3117 6124 2593 6265 4678 5044 4576 5168
  439 1590 5824 8742 1576 1253 3915 9510 6769 1233 2085 7050  718  524 8807
 8211  651 7154 9374 1216 2276 8584 7395 5216 9003 2417 2529 5023 5931 7937
 3133 5985 7714 9417 4480  617 6084 9384 8250 4847 9252 4570 2402 8507 9026
 8144 5878 5919 7246 7291 4863 9949 3243 5802 8815 5094 6626 9265 2336 1880
 1011 9791 7010 7216 4598 3426 5685 9930 2674  532 1909 8495 5354 2602 5084
 6438   10 4070 3825  688 5947 1076 5772 8375  323  499 5603 7667 9917 4355
 4749 2082 3582 1487 1315 4997 3616 5980 4833 5965  557 8219 2194 5767  119
  238  376 3060 6975 5953 1455 7742 1879 9367 3877 7227 2340 5733 9668 5301
  633 3258 1737 3475 4298 8043 5536 5069 6996 3032 9830 9996 6881 5563 3172
 4946 2854 1196 3207 6145 9865 8301 8189 8587 1496 3583 8278 2551 2112 5749
 1093 1850 3457 5194 2964 4562 5143 1753 8962  973 2601   15 5364 9531 1611
 8353 9594 3702 8111 9526 5193 9473  242 2458 4717 7059 7788 3905 5025 1269
  992 7416  674 3821 9966 8546 6468  118 9406 4064 2828 4275 9907 7705 4947
 7896 6916 1397 4786 7613 8034 6989 1978 4798 1077 3926 9871 2248 2701 2208
 3510 7534 4019 7866   53 8092  868 9664 2847 8998 2484 3183 9730 9595 4932
 7297 5021 4429  901 8159 2516 6334 3128 6496 8656 7781 5300 5609 4203  577
 1736 8885 4619 9598 4021  981 9553 5472 9465 2245 8795 6007 5057 5899 3007
  876 7498 3796 3545 8463 4445 6235 4522 9223 7002 3715 7479  402 5284 8056
 1943  507 8340 1002 9883 4690 7260 9779 5258  536   37 1620 4488 5559 5196
 7940 4752 6936 4927 4805 6208 5353 8973 9077  934 7199 3584 3942 1153 6157
 8370 6305 6515 9474 7116 9978 7663 9257 6445 6041 8739 9186  160  686 9581
  943 2032   60 9009 7314 7354 3608 9906 9857 6892 9389 7729 8605 6684 3826
  784 3481 3406 4699 9168 2217 8358 8029 6590 6213 3377 4879 1401 5341 2421
 3761 4000 5120 1167 2065 3818 4219 8140 9289 8775  170 8831 8622 1651 4405
 9514 1020 3071 2279 1236 8152 9060  965 4363 7634 4120 6924 5908 2056  985
 4854 5029   83 5251 2090 6498 7170 6489  496 9825 9085 1398 9777  359 5798]