[7971 1203 1924 7687 4534 3351 9197 4428 8549  179 4741 3766 9733 9016 6317
 3806 5640 4847 8402 3928 7118 7305 9883 9918 9017  898 2449 7655 6300 8787
  787 3494 7923 3868 2815 9281 5432 5084 3885 3895 2905 6373 6631 2560  608
 9671 4106  396 8780 4578 5705 3213 1148  257 9764 7744 5191 5571  676 5468
  556 7441 9237 8234 4631 6534 9471 8582 8728 6753 1165 4541 5787 5381 9917
 9989 3849 5148 2416 2969 4471 6760 9979  570 7123 4334  769 5103 4859 9619
 2520 4803 5713 1619  149 9214 2916 1123 1316 3337 8192 8707 1726 5200  662
 5797  231 5741 9742 3647 1781 8101 2354 4759 2302 9004 2483 6711 6431 5053
 1188 8847 9656 2078 9275 5864 7506 7921 7941 2422 9255 2605 1731 1269 7385
 3994 4885 8029 8060 7546 6451  259 4529 5165 1395  714 2593 1673 2649 1139
  776 4001 5590 5232 7873 3898 9069 5398 6281 5550 8048 3176 4361 5417 2568
 3182 3310 3703 2977 9822 8586 3785  708  595 4750 3872 6796  559 3906  200
  739 5649 4037 9928 6046 7175 1588  168 1797 7313 7861 6765 6646 1318 7178
 7924 5971 3371 9784 3820 3893 3447 7262 3632 2960 7854 8898 6564    1 2618
 8097  197 7846 5624 9975 9950 1879 2376 8333 5682 3265  154 7509 6056 4171
 8117 6948  752 7368 8888 4699 2017 8304 3349 7133 5426 7676 5223 2210  701
 1996 9241 2878 1043 2729  932 6662 4747 2030 3491 6847 2572 2512 6432 6274
 5161 4418 5217 6001 7085 9747 2578 1319 8741 6511 2807 2851 3242 2720 6408
 7726 2865 8186 4915 5068 9679 1081 1292 4195 9711  640 3375 7555 8713 6509
 1392 1502 6506 5586  804 6952 8761 2196 6574 2194 6051 4734 3023 6074 2700
 8689 2847 4445 9383 7058 9416 1133 3686  623 1119 7415   32 5901 2620 1390
  555 9012 2090 5125 3765 3649 8740 8729 5749 1097 8748 9576 9175 9142 6563
 5952  610 1335  797 3101 4932 8953 9111 5696 1672 3334 6284 8278 7045  973
 8233 8657 8661 4138 1023 4154 8442 4673 2756 1568 3537 4981 3990 3082 1341
 7594 8455  108 9810 4199 5497 3212 5459 7792 4380 3514  669 8875 9238  227
 8110  937 6348 3888 7418 8840 9596 1795 1556 3332 8939 5958 7737   66 8650
  631 9143 8289 8395 3657 9817 7312 1959 3096  909 2007 5754 9300 3607 9129
 4853 2631 9203 3214 1545 9967 6345 7706 2936 3338 2365 7183 9065 3852 5251
 1529 3225 6518 7781 6131 5568 8666 1605 7746 1548 3404 9103 6514  888 4835
 1829 1167 3986 7380 5737 8485 8528 7092   13 7302 4834 9198 2726 4431 1985
 9763 8687 2067 2727  869 8851 4520 7384 4357 6672 4295 7795 5842 5965 8990
 7529 5986 9826 7003 8893 9155 9253 1073 2217 1078 9948 9377 2150 4708 9501
 1645 2625  278 8571 4202 1258 6938 4893 5016 7957 6538 7395 9529 6743 2944
 3303 5185 5186 5306 8122 2576 9210 4969 7272 7495 8437 8551 4620 4522 6556
 5685 9156  176 2939 5430 2025 5503 5139 8132 5061 1378 8290 6065 1729 6225
 5270 2546 2789 6171 8723 9714 3299 5966 1669 6052 7813 4722 3932 6719 8676
 7043 1925 3742 5341 9595 6361  452 8260 6889 5064 8458 6978 8400 7061 8017
 8980 8946 6244 7035 7487 7848 1790 2734 3529 3738 1530 5953  341 1344 6282
 8589 8882  891 6024 5320 3279 7666 9423  725 4206 5402 2703  433 7667 1612
 5839 4482  362  440 1515 9522 8426 2401 2389  912 7229 9858 3958 9960 1403
 5742 1444 6736  514 6019 6173 6693 2725  119 7714 2448 5252 1946 3505 1399
 4473 7520 8909 4577 8471 7019 5049 2579 9181 8134 2439 5816  502 8427 3319
 9591 8446 2005 9232 5616  469  698  407 2155 6627 7797 3315 7099 7694 1888
 6134 9884 5482 5785 7843  683  681 7952 1988 6615 8873 1848 4480 2663 3630
 2015 3387 3122 3478 5247  376 1208 2178 6310 1595 5081 8007  984  593 3216
 9502 3280  134 7936 9889 4813 6841 3118 7264 3290 1259 6347 9762  606 1823
 4810 7339 8998 7758 9924 3306 8857 4670 4726  410  297 9569 8706 7449 5851
 2147 3452 8093   11 3166 7889 5196 9427 5029 5083 6515 8680  394 6106 1066
 1438 5710 2436 9455 8389  729 1040  467  363 1688 7409 4780  894 2899  247
 7164 4826 5679 4867 8493  636 6879 5031 3246 9419 2262 6149 2919 5724 2935
 7232 4503 8381  969 4494 6150 4617 2464 9401 8828 4095 2979 8669 6152  978
 3681 7634 5865 6042 8152 2884 1885 2769 9584 4383  842 5734 4769 3608 9170
  106 1239 2180 6476   58 2645 7922 6430 4086 9910 4637 9841 3018 7670 5887
 8826 4976 1303  479 6831 2869 3844  692 2380 9079  315 4584 1452 8576 8016
 7748 3799  732 2742  925 8111 4459  972 8962 7803 8726 3237 4400 5904 6976
 9678  311 3179 4689 6987 2291 6751 3326 8883 4753 8544  543 7438 7870  456
 8263 8763 1020 4232 2457 1674 1496 2598 3136 2465 4097 1003 9887 1860 7964
 8241 5916 9618 8135  981 5239 8165  515 9472 2095 2163 4980 4629 2440 8601
 8579 9579 3802 3095 2970 6728 9059 3854 1920 3530 2557 6365 1687 2832 3470
   82 1192 1525 9015  283  367 7622 1270 8899 9791 8533  584 3867 1712 2845]