[3760 8294 8103 6869 1675 9077 6347 3048 4923 8749 1251 8908 1926 4026 5160
 4776 3987 2789 4100 6110 8134 2293 4831 6793  949 5795 9901 8789 9163 2228
 7287 7005 3074 7309 8352 5539 3023 6814 6881 4922 3480 4983 3304 1637 6379
 5378 1152 3079  513  579 3607 3978 1194 4859 2932  235 9459 1605 6785 4986
 2326 9279 2210 1071 3880 5066 3187 8012 6714 3441  842 5979   39 5311  858
 5031 2611 1414 3576 4588 7986 3165 4932 2075 2360 3824 9177 7052 6808 9427
 2073 3545 2316 7490 2218 6911   94 1861 5506 3335 9291 3574 1302 7431 4282
 6221  511  146 4423 9635 6166  660 7825 7711 6039 2722 4988 6387 9314 7871
 2605 2111 6044 2047 1939 3936 5647 3416 4821 2264 6580 9544 5620 1852 5474
 7596  777 6114 3251 4048 8781 3547 3617 6444 9376 5592 3417 8660 8394 4241
 9938 9772 8689 8204 4263 5215 8577 7992 7951 9697 6164 1527 7913 1335 7414
 6394 4820 8869 2620 9204 8826 8475 5618 3090 1924 4000 1895 6597 3896  936
 7506 7782 1100  191 2678 1868 7359 9358 3008 1438 6078 1635 4550 5165 4410
 3184 6453 4227 2928   51 8954 2758 1978  320 5482 6035 1030 8397 8973 3737
  634 7695 5543  317 2136 6929 7165 6563 7498 8828 1103 3167 4363 6656  959
  116 5288 3932 3327 5252 3503 3669  962 7557 8243  822 5673 1092 2452 4934
 9627 9700 6251 9889 6844 4517 3774 7525 9484 5289 1782 3797 2560 9216 7058
 7012 6025  546 6112 9619 3419 7865 4837 5272 9309 3494 6548 4155 3779 6306
 2591 8454 5855 5326 2790 8195 9561 1772 8559 2419 3144 4736 1743  283 3463
 5871 6031 4019 3242 2352 9811 8867 9405 2318 9796 7382 1069 4644 9426 3713
 8641 4424 7962 2727 1025  471 1882 1411 3423 5298 5451 8351 9773 6085 9233
 4875 1163 2165 2718 5007 1151 3359 3247 3414 3570 2700 8746 6583 1363 6208
 2341 9135 5511 8145 2586 1316 6942 6527 2747 7919 9577 6222 2503 3207 2395
 6862 1202 2301 5521 9243 7745 6067 8754 2840 7145 8883 5103 5839 9592 6382
 3600 3645 5832 8087 4673 2078 2040 7232 4127 3708  921 1176 9162 7328 8371
  353 8219 8851 9238 7180 6617 4379 9131 9824 4784 8355 1709 7884 9705 6323
 9722 5423 8268 4691 5876 3904  391 1057 1374 3339 8715 6083 6398 3173 6573
 7380 7520 7580 1268 8735 3796 8412 7729 9708  168  989 9735 2953 1583 2657
 9626 4298 7395 6566 2428 6828 9116 4351 9211 5996 3290 4606 1997 6026 2587
 9725 7807 3705 2355 7171 5697 6756 3128  262 1590 4020  788 5870 2435 2436
 6156   33 1734 1277 5317 4833 9479 8935 6975 9319 9845 2775 5636 8885 7027
 4874 1140 9903 5631 4196 4877 5224 2712 3681 3064 8871  123 9634 2857 5290
  372 3113 6972  741 3636 5758 9758 3800 4740 8431 3473 1514 2808 2289 9539
 1642 9436 1624 1507 5955 6958 1197 3421 7744 9935 4716 9640 2373 1156 9089
 6636 7537 5022 1913 6107 6715  719  446 1817 6980 6986 8415 4662 8066 9693
  857 3643 4724 2064 1190 8691 3397 9701  108 4010 3282  978 3133 7709 5926
 9161 5113 8742 4856 5493 8124 3621 7470 6998 1547 3297 4533 7803 2317 5332
 2524 7050  621 1544 6590 7323 7325  782 7203 6464 8739 9984 6831 6170 9931
 4193   67 4742  784 4723 9699 1524 9363 1193 8353 7294 1108 9175 3593  937
 9911 2582 6627 6273 7813 1777 5024 5167 5838 9296 4182 2520 4615 9437 9294
  964 6896 9097 3174  406 4717 9194 2443 8059 5000 4267  735 7083 6907   84
 6751 6288 4669 4826 5572 3530 9650 9148 4565 3653 7222 6661 2095 4592 8993
 2015 7796 6418 3235 2593 1894 9953 9123 1980 4278 3686 7278  224 1495 3061
 8535 7141  326 1904 7188 1807 9345 9298 8578 7263 7290 6051  539 4088 8187
 6059 4175 4243 4078 8468 9313 6351 2375  926 8136 5834 1722 7636 4711 7688
 8713 4418 6237 3542 5273 8937 4273 5625 1946  678 1010 5737 6511 4239 6555
 9656 2497 5021 1041 9035 9024 2897 6932 1290 6370 1621 5742 7862 4350 5568
 7256 6231 8678 5168 5376 6438 9598 6344  754  424 8610 9910 2271 3086  759
 3410  805 4541 9081 5305 4226 1975   85 9624 9150 9676 6173 5960 6275 3443
 2752 3709 3807 3583 1220 7516  132 6424  312 8033 4212 9523 2817 5400 8569
 3948 3107 8292 1373 9843 1494 3755 3516 3701 5513 6076 4657 5442  226 7826
 8502 9786 9907 6364 8152 6596  330 1120  567 8065 1154 9501 3872  232 1083
 4535 6943 7103 6872 6969 5989 9876 7824 5534 6605 7958 1561 6172 6260 3785
 6301 1936 3535  257 2067 4732 8772 2456 1623 1798 4405 7838 9277  430 6666
 4050 6816 5061   71 9250 1319 1080  826 3841 4348  803 4547 3885 6462  902
 2943 5344 1437 3281 2927 6291 4091 5170 1611 5460 7618 8666 1609 2556 5124
 8135 5424 9189  823  494 6134  135 8083 4266 8235 1752 3042 6917 5194 7432
 1180 4623 8068 7573 5417 5492 1819 4893 1521 5884 4574 6327 1625 4367  725
  984 1281 8731 7201 6385 7209 5005 1420 3742 4594 6395 3980 5949 9612 5232
 7821 7015 9667 5437 2635 1059 8810 7562 4352 8844 3261 1442 5669 5258 5502]