[9550 1835 1620  762 5248 8129 9285 1156 3816  110 5896 4586 1307 9041 8456
 8761 9897 1030  173 3732 1902 6849  719 5046  934  308 9487 4158 5344 7764
 6769 6614  456 4873  105 1051 5078 5191 1026 3677 7695  407 6374 5286 5249
 1898 7325 1062 5176  265 3882 8363 7190 8285 8896 3639 2835 4175 7742 5693
 3541 4462 8242 3714 4005 2648 3298 6714 9410 4947 2356 6798 4577 5778  445
 2326 9460 5583 3375 8750 5891 8409 9346 3068 1749 1323 6629 1498 6377 3248
 4256 4010 9639 2236 2914 2431 8181 5167 8388 8686 5663 1636 6615 1733 2119
 4232 2369 6859 8914  366 7543 4145 1371 3052 5440 8852 9422 3144 6469  446
 8151 5309 5806 2062 3171 9001 4546 9844 7392 4783  379 5040 7076 5614 4431
 8963 7910 8372 3796 5861 3231 1437 7616 9457 8985 5940 7799 7829  712 5002
 7871 3938 8631   14 1014  652 5122 6215 2733 9926 1773 6563 1725 9700 5659
 5438  115 1178 8645 4466 8421 7339 6907 2778 6616 6387 8070 3376 1813 7097
 1693 7959 8380  180 1994 9114  625 6040  659 8422 4764 9251 5857 7164 1945
 1406 5678 5084  726 1562 1430 2238 7285 5001 6262  124 6302 8952 4258 5933
 7963 9064 4843 8736 2611 9694 9696 2577 6711 1634 8453 4875 8420 2572 2290
 8017 5606 7012 5406 9830 4476 8473 3299   94 8825  246 4076 7494 4126  346
 7765 8813 6627 3592 4636 4766 6259 2283 2316 2492 1117 7180 8316 4011 5854
 6791 3812 9722 7797 2649 9048 3574 9553 6435 1426 4165  868  457 6789 3051
 5828 4818 1363 4769 1021 6519 7577 6959 9481 9418 7557 6044 8751  374 3556
 7314 3756 2113 5473 6745 9035 5196 4813 5256 6298  871 3847 5983 3081 3933
 7657 9003 3965  185 6762 1592 2942 3694 7906 4555 4700 9997 4375 1277 5558
 9337 1955 1194 6919  689 2724 1924 4981  638 2721 7946 6070  641 9161 3691
   40 6931 8870 5590 5812 9261 5136 5109 8455 5073 2755 6979 1612 3519  112
 7017 4673 1734 2640 7021 1231 4406 1836 4361 1444 5430 8713 1556 9137 4068
 1394 3562 8381  802 7123 7935 2729 9002 7715 2296 4022 6308 5953 7876 9773
 3107 1532 7249 4220 6906 9788 5980 6795 2073 5251 4946 4969 8508 8427 4274
 8814 3507 7784 8931 6287  899 3781 1076 1596 4429 7950 1202  637 2318 2216
 2237 7272 8997 5009 8349 1797 7904 8855 9523 2758 6784 3682 6982 6321 6033
 8888 7796   38 8946 8854  877 3035 6871 6384 4962 5526 6847 6101 8840 7299
 1398 6157 1458 2301 3418 1485 6552 9015 4796 3565  785 4279 7316 2360 4146
 4722 6096 7899 7232 5272  912 9049 4320 3156 4710 5647 3937 2982 8711 7848
 6628 2034 8656 9743 3862 6696 2859 6951 7639 7619 7976  280 7295 7736 9646
 6636 3050 6292 8288  692 6581 2191 9302 2330 5483 5734 8762 9420 6271 1350
 2941  391 5252 2561 8287 7048 7354 2433 7262 1643 1079 2367 6973 7018    2
 3910 2413 3752 8044 9705 4343 8248 5931 6882 6335 8514 8504 1870 5809 5648
 6858 3611 1460 6326  192 2164 5888 1593 1964 6359 7733 6255 9772 4164 1481
 5903 2802  673 2535 4142 8432 1956 9826 1395 9017 1905 5639 3256 4930 2436
 6686 5658 7581 8890 3403 8024  767 5971 5974 1440 7049 7697 5593 5998 5596
   86 8780 7563 3469 1967 3168 8103 9697 4234 3364 1751 1759 6249 9519 6543
 1784 8156 5609 6236 8785 3318 7947 7241 3577 2554 5884 4467 1808 2531 4944
 3274 5204 9094 7519 5456 8677 2161 2866 2211 8028 2281 6883 1225 7761 5395
 7237 1546 1325 7872 4372 3705 1974  731  534 8776 8208 6399 2821 8064 9517
 2523 1183 9118 1228 1624 5179 9539 3784 5754 3826 5540 6057 4591 5990 2791
 7397 8638 7880 9426  889 1158 6344 9820 5869 9721 3940 4725 9351 3783  355
 4293 1872 2841 7401 5354 1628 8688 8240 6010 7228 9326 2555 8550 7676 7016
  424 7320 2348  318 6933 9076 5945 2677 1370 3031 5234  529 4062 3702 9571
 5625  844 4552 7968 2981 4543 6851 4926 2302 8728 2574 5714 9440 5232 9223
 4645 2388 7793  168 8691 3416 1471 9212 4388 2443 6559 6640  704  336 5789
 1604 5886 7815 2712 3512 6790 8034 3668  376 6099 3583 6856  806 9527 7337
 8696 5317 3955 9491 6039  777 5736 2144 4277 9416  240 5227  791 1820 6020
 4565 3241 3664 8407 5948 7800 8929 2116 9581 8572 4943 5631 1484  557 4280
 3573 8038 7521 8525 1007 4697 8123 4866 8642 9720 7514  148 5101 7477 6120
 8716 2260 2795 7847 1012 8052 3313  113 7451 6500  737 1651 5539  375 7938
 2361 2222 9970 1686 1421  204 7128 3002 3009 1304 1239 1384 4077 9291 2374
 2731 5324 1938 3817 2886 4148 8087 3706 4965 4864 6779 6562 5323 4262 2357
 8871 9504 7574 6530 2681 4477 4251 3474 6742 8880 1635 3420 1796 8786 5743
   76 2160 8611 7111 7635 4162 9350 2053 7961 8971 6911  964 1934 1266 8555
 5421 6294 8241 5426  219  556 1195 3000 9347 7427 3280   91 3873 1607 9348
 9939 1932 6398 4560 9593 6702  371 7317 9306 2930 5057 5992 9602 5130 4073
 6012 3427 1865 1815 3841 4670 8387 6000 1111 2467 7551 4811 4283 7879 5563]