[8199 4297 4088 1060 1013  522 9791 1748 2525 3315 2260 8951 7170 8115 3596
 1388 6120 7218 7545 3126 3398 6757 8361 1569 5175 7598 5492 5641 8931 3448
 5710 2936 4420 6175 8290 4997 3569 1394 4992 7613 6494  767 4330 2063 4021
 2746 1681  138 5169 4721 3401 4952 4441 5926 8615 7152 3171 5551 6475 1482
 2683 6736 3059 5755  937  815 3025 2839 8079 6991  181 4310 6831  417 7296
 9072 7945 1259  963 7402 7351 6830 9682  869  286 8013 7676 1879 2938 3363
 8456 5665 8661 1576 1822 8550 7076 6324 6784 5975 5871 4869  169 3683 9840
 5970 5278 8889 7589 4875 9728 3489 1777 6590 3042  604 3605 6038 2982 8469
 8031 3564 4836 5698 3382 3774 5666 3060 9628 2531 5391 6579 2364 4180 1527
 4988 7435 6138 5326 4617 2349 2514 4026 4960 4504 7555 5761 6863 3915 5804
 3104 7066 2011 1485 5112 8586 2088 8344 9353 4173 3568 8657 2087 2983 1678
 2033 7428 9750 9075  628  705 3053  360 4949 1945   80 2870 1221 9769  899
 5754 1903  707 3445 6953 1803 6277 7196  372 3046 8359 8251 8809 5799 7843
 7141 7759 6142 1076 6634 4215 2289 2660 7803 3284 2438 4735 7623 5056 8637
 7630 8924  531 7979 9836 8262 7537 3026 2673 8166 5491 1706 8160 5470 4323
  854 6763 9359 3636 3599 5416 7334 9839 3821 1016 4500 9883 5668 8679 5353
 7946 1709  981 7479 8124 9547 5642 3760 5096 5908 4783 1908 4060 3129 3703
 8545 4606 3400 1239 9271 2340 8315 8138 3550 6557 4309 3256 9171 3199 5410
 2113 2825 7263 9212 9161 3642 5489 9571 8929 2535 6088 3932 6695 3997 8597
 3034 5315 9362 7021 1156 7691 4103 2427 3021  922 7810 5226 2122   93   85
  305 3858 6935 9553 4503 3917 5789 1713  835 6086 8219 5230 1581 6852 1647
 7169 8806 5957 8764 4045 5457 8577 2473 2626 2618 3667 5895 4494 2390  943
 9209 2908 8942 4292 6486 4118 8336 6943 1301 7651  576 1254 5364  234 1152
 1426  347 6510 2196 3437 6799 7205 8323 1038 3682 4703 6846 2384 2539 9803
 2671  809 5695 8853 8875 9197 2826 2770  346 7416 8796 9437  698 9480 1296
 4552 5148  630 4953 2217 8380  420 7999  826 5779 8127 3509 2505 9875 8094
 9863 7040 2633 4247 8047 9026 7618  915 1920 7368 8189 9122 6228 7904 7876
 2490 1889 3306  180 6154 2795 1523 3426 4580 1054 6661 3064 7474 5361 9081
 4976 3257  113 8967 4377 1565 6490  593 1383 5629 4974 6728  374 2924 3860
 9343 3231 1878 6597 2750 6275 4343 7773 4916   53 2206 8237 4880 5347 1996
 7530 5072  897 2058 6672 7085 5562 9347 2361 7101 6424 7582 7153 4260  450
 2886 3671 3490 2741 4325 2643 2691 1679 2160 7690 3444 9604 4659 7387 1165
 2221 6901 2829 8706 5767 1115 6598 2621 6652 5199 2061 7024 4537 7841 9438
 3824 2435 5220 2030 2765 2351 2023 9819 3428 4696 8385 1705 4846  919 1999
 2297 1375 6367 7151 4097 3061 7288 7580 4905 1143 4723  938 4698 8353 6185
 3630 6272 1998 5192 3163  171 3449 3057 2526 7821 6720 3865 1680 4477 9745
 9227 8357 9267 6307 7918 3378 7914  170 8928  140 4517 9230 7133 7968 2838
 5248 1448 3076  875 5156 1357 4922 7160 3466 8917 8840 1625 7823 5436 3459
 4176 7772 2710 1460 4447 4719 2973 4630 1242 5594 6839 7217 5662 7735 7762
 6437 1162 6530 3734 1237 6213 6116 4162 6309 2365 1043  974 3850 9180 2220
 1397 5279 2148 7840 2597 2322   25  992 6468 8215 8117 3666 3624 9634 2711
 3292 7872 5002 3319 1360 6224 7134 7299 1664 2609 9730 6305 1004 3945  566
 7653 8910  723 6800  365 7883 3037 4756 1387  236 9722 5625 8854 5504 8363
 5042 8762 6628 9639 5772 2019 3354 4129 7482 6539 1015 3856 3680 7490 3942
 6204 9173  812 3016 1913 5863 4195 8351 7534 4333 2275 6359 3386 9884 1599
 4359 4803 8860  838 8104 5644 8184 7421 9488 4954 1251 5932 4022 5596 9372
 8575 8400 4749 3511 4918 9993 8801  489 9656 5624 5185 8224 6905 3529 9533
 2003 1390  501 7839 8902 3175 3454 4165 7436 4198 8546 6550 4275 2603  312
 6657 9978 1733 7429 3233 4423 2612  200 9018 6423 6544 4989 8195 5878 5636
 3080 3337 3258 1438 7242 3977 8977  874 5729 8956 1655 6064 1441 4425 2378
 4724 2812 7880 6754 5358  887 4206 6328 5090  446  331 3254 4115 8792 8596
 3148 1810 8225 8785 5879 1601 7960 8289 2827 7158   23 2785 4619 9199 2389
 2264 3798 7990 3731 6133 3159 1270 3588 3648 8489 2276 2767 1207 8709 2108
  188 1896 6281 9324  858 1184 4128 7038 9845 5493 7694 1632 3532 9282 4464
 7091 5374 3893 7673 6342 1421 6552 9444 8882 6032 9107 8892 4039 2362   39
  760 5800 4589 5570 9903 2013 1226 7574 7523 8870 9652 5055 3803 3131 4363
 3331 4373 3484  348 4160 2800 9093  219  807 7874 4386 5988  983 9966 8891
 5059 4123 8588 2102 2588 5992 2704 4400 7608 8177 1424 4627 1376 9943 9148
 6678 2757  631 7231 3711 8847 1690 9685 1289  881 7384 2736 8040 1509 5215
  157  917 8070 8333 5206 8587 6836 2506 8268 5680 7785 9498 7905 3361 7509]