[9779 5727  140 8742 1972 6258 2143 7910 7167  999 2137 6886 4893 4341 9289
 2840 4387 2590 5825 3349 9721 2003 2219 1611 1968 6424 6720 6797 3648 7881
 1539 2336 9580 5826 6162  698 7825 6302 3685 5943 2029 1633 6532 6733  822
  395 8113 6519 4712 1048 9451  236 9040 5371 1555 5683 5147 1440 7392 2719
 7892 4277 1625 2813 5973 8704 5325 9508 2747 8111 4884 9745 6925 4876 9069
 8943 5723 3563 2228 3843  725 5587 6001 3353 9991 8706 3681 3148 5569 6198
 7253 7961 9338 9313 5816 8371 5128 3725  137 8378 9981 7070 3890 3507  554
 8177 5415 3987 7698 1754 9291 3159 9707 5540 8495 2570 9822 6649 3387  792
 9270 3419 3992 3347 2948 1092 1887 2089 7399 8265 5545 5856 2478 3722 4027
 8860 2620  453 9507 8529 8586  144 8581 2129 7284 4382 5443  125 5188 1911
 5712 6104 1365 1551  706 8306 4581 5748 3949 5073 8474 9949 4338  910   18
 8740 7839 7620 7848 1915 9391 6172 7118 3779 4016 9521 3848 2134 3482 2367
  267 9587 2316  838 2594 2216 5240 3458 7052 5031 5066 2212 2662 4075 3477
 1981 8524 9612 8970 7525 2068 3627 2895 2799 1449 8736 9211 1841 3692  143
 9335  878 5294 1324 9831  998 2753 9853 4559  933 9074 1138 2871 3396 2207
 3446 8717 8666 4875 9290 6788 8493 1336 4492 9561  924 4704 2391 2506  393
 1126  378 7297 9019 5106  274 4226  671 2970 2258 2449 5890 2605 9597 3998
 7547 6323 6091 8037 4788 2796 3814  375 3580  558 9628 2070  979 4470 5359
 7258 2411 9757 5929 2884 2694  372 4316 8546 1479 8092 6340 3532 1114 6303
 4702 9832 3279 7024 5798 9598  128 9955 2035 9695  311 8588 1151 7699 2032
 7388 1454 7837 6663  823 9727 5999 8428 8770 4183 5087 4673 2247 6065   39
 3417 2996 7323 9565 7044 2048 4869  656 9665 8909 8994 1913 5221  307 3444
 2878 2414 1240  867   33 3273 3999 4029 4607 3908 1384 5784 1816  785 2197
 8380 1260 5677 4445 9065 7007 4983 5661 8142 4942 3865 2762  168 2445 2178
 6785 6084 4730 8910 2533 9806 6189 6371 8353 3357  993 4221 5218 7048 2261
 7753 1995 2754 7296  735 7722 8807 5534 6150 6968 5851 2419 6501 7078 7682
 9558 3171  814 6651 9468 2105 9137 6066 8993  211 6247 7033 8738 5732  159
 1807 1053 4422  664 4747 9855 5700 3267 7329 7089  944 9569 9909 3228 6414
 4348 5245 8634 1669  114   72 9440 7094 4590  567 3810 9798 1626 5510 9607
 1326   97 7445 3909 3914 3604 1985 4400 9514 9498 2184 4431 5649 8944 5082
 6584 7175 9571 9744 6043 5911 7256 4737 8986 5055 6244 5701 2656 8840  216
  835 3341 4844 2530    9 9438 9333 1803 4585 5025 5123 6236 4533 1627 4087
 8102 5951 6542 8987 8461 1034 4091 8998 4154  637 6603 5099 3463   16 8312
 8337 9512 5450 9152 3829 6327 3603 9860 7813 2424  223 1517 5161 1379 4821
 8185 8594 9690 1402   43 2490  657 4270 3633 9977 3491   36 8917 2595 6314
  667 5319 8228 5186 4228 7642 9263   31 6755 5866 6020  222 7659 8404 8858
 4511 8395 6963 4665 8784 3459  560 9085 1769 1577  951 2862 9642 4756  185
 3457 3103 2774 4079 1297 1446 8415 8019 6416 3950 2062 3176 5344 9942 7184
 7312 6271  419 2450 9658 2587 7580 6823 5219 5109 6005 2335 2652 7567 5573
  797 2683  940 6804 3495 7655 5181 4896 7858 7550 5202 7016 5029 6444  893
 5460 6703 5019  820 1122 5570 7943  324 6579 9936 8453 9262 1795 7333 7607
 1830 7259 2420 4719 6068 3226 2241 9976 1087 2613  860 6241 8859 6660 2289
 5094 3618 3768 8533 8338 4655 9539 4074 9112 7608 1771  776 2248 9716 8955
  556 3861 5310  981 1900 5979 9816 8435 3703 7437 3599 9824 2728 3218 9551
 6277   26 4356 2148 6594  210 6675 6937 8236 7937 7036  489  507 4849 2804
 2634 1640 7147 8817 1041 8853 4519 9163 2830 5376 5820  762 2899 4638 7077
 9076 9258 6539 3742 9008 7746 6175   20 1522  238 9210 6849 7934 9780  313
 9787 2928 4206  305 7521 9030 5822 8744 4620 5771 9308 6517 4710 4200 8324
 7846 9363 5208 4242 4521 4486 5959 9176 3846 7964 2107 3736 4926 8225 6798
 4142  552 2267 2967 3013 9992 4611 2911 1960 3956 9899 7955 5205 2599 8385
 5947 4975 7967 8391 8221 7623 5335    6 6280 4260 1524 6058 5889 4601 1650
 8098 2989 3958 5090 5740 1510 3329 1058  986 7151   73 7489 6109 2500 9829
 3380 3635 2497 3397 7283 7693 8756 7450 9464 6999 9749 8760 3916 8103 9275
 2019 2783 1969 3243 1557 6459 1013 6981 4917 8903  619 4045 3300 5373 1592
 7887 2483 8126 3730 1236 9299 6228 4245 7956 6824 4208 4418  789 1234 2791
 3593 8203 2408 4731 5256 2592 6466 7276 7893 4935 7170 4107 6239 6698 2213
 1576 5348 2433 3954 9967  479 8187 2690 6123 7407 2752 6265 1049 4912 3488
 4451 8876 6636 5394 6829 3187 2515 1521 1695 3231 8888 4653 9213 3389 3068
  358 4106 8147 6008 2578 7341 9018  890 1719 9701 3401 9088  345 2479  966
 2051 1309 2353 7359 2440 7661 6259 1150 1942 6806  870 9640 6039 9691  470]