[ 520 9950 2940 7108 8019 1697 3733 3526 1715 6566 7543 6503 7366  934 4151
 4979 9684 4537 5392 5249 1783    0 8911 9314  174 1537 8806 5707  856 5224
 8037 2598 4255 7377 3924   42 2848 5523 6879 4155 3175 7047 9752 8668 4935
 1277 6605 2101 2270 6280 2231 7121 5042 4331 4624 7208 6195 7443 8922 2137
 6779   44 2159 7412 3075 2173 5574 8875 5408 2131 2932 1296 3309  503 6540
 5308 1110  468 1468 8607 9629 3050 4411 1906 7269 5091  123 2332   80 4376
 8711 6027 9595 9114 5105 3933 3154 1668 5507 4738  100  338 2172 2597 4499
 9022 9236 2697 6785 5561 9002 3025 4441 5948 4194 4181 2005 7417 8137 6513
 5627 8803 8601  198 6791  206 4070 2009 2049 4356  457 7245 4914 8727 2732
 9673 3828 1543 1250  688  421 8683 3641 4674 4360 4010 3570 6786 3837 6577
 4581 5682 4025 2533 9435 5887 6360 2865 5526 5813 5391 2574 6544  807 3109
 3036 4343   27 2046 8539 7919  132 6067 5150  974 3622 3822 3658 6083 8337
 8424 3125 8975  586 6229 7004 9557 4172 4146 6276 3401 9686 3478 3395 2545
 9985 8882 7340 2742 2816 1518 5847 2207 1045 9009 2690 6260 1293 2846 1384
 2760   94 3617 9388 6259 9491 4512  595 1535 4872 2279  916 2626 4682 4206
 7494 9405 5432  909 1174 4033  858 5433 7095 2897 5218 9790 1664 9294 4147
 3738 9181 8812 8306 3293 2592  983 7794 4003 4649  953  693 8415 5586 1652
 1894 3601 2658 1364   75 9551 4442 6612 5655 7016 8907 3290 6570  148 2967
  261 4435 8569 8931 6708 8459 4728  823 7182 2252 1278 9846 4463 6483 9922
 6981 4141 5402 4963 4510 5676 3091 1147 9037 6876 4412 8903 4653 6428 9253
 1782 7656 9338 4111 5610 9310 3355 2432 3920  968 1593 7114 3320  373 6908
 2989 8105 9178 5852 9320 9230 3927 7127 6326 9685 5695 2970 5397 3819 2953
 4490 2253 4739 2384  180  222 4236 2985  392 8165  980 3081 8223 7351 4284
 7668 2594 4218 8115 3116 8038 4369 7035 1792 4546 1341 5634 1291 9425 9226
 2770 3167 9954 5767 3179 9959 2664 6516 4274 1201 2569 7053 2317 3138 1799
  524 1954  947 6871 8845 4951 3065 5044 7158 6317 1598 7728 8988 5024 6943
 5816 1660 3846 9640  536 7643 6187 5687 4928 1500 6097 9441 5078 8489 6845
 1723 8211 1693 9426 1602 4114 8264 3606 6164 6631 2903 4050 5850 5006 9378
 7239  857 6849 5922 5264 3246 7772 9090 3242 4837 7164 7609 2826 5745 8752
  713 8273 7015 8272 8885 7439 6660 5712  340 4367  844 6082  326 7365 6664
  842 1310 7734 7447 9082 3512 2070 9547 4731 5664  908 8066 2230 9503 4629
 1579 6033 2499 1131 4860 5040 7113 9003 8251 4535 1259 7509 3860 5601   32
 2473 5791  309 1315 5246 2204 7043 8926 1646 3716  716 9395 7123 1438 2325
 6139 2991 1575 8351 2759 7009 3970 2385 8647 7033 4131 6270 1367 9750 7518
 8233 2062 8396 3180 3404 6675 8737 6824 2902 8245 1349 7057 5615 2090 4607
 4237 5289 7652 8235 4823 6155 8126 7143 5983 4023  620 8317 2024 5692 2110
   37 4032 5407 2606  506 7708 4836  542 1374 7025 9852 9379 9616 4563 6589
  837 5881 8976  826 4138 2715 1153 2343 8005 5551 5474 2307 8255 4845 8345
 4383   17 2266 6089 5980 3906  285  619 8095 4950  952 2050 3212  552 6069
 5007 7778 4765 5445 8039 8270 3263  976  196  600 8636   54 5659 9962 9833
 2442 7381 1854 8196 6150 8168 6874 8313 2702 1868 1237 2220  833 4492 3452
   88 1955 7023  434  185 8565 9150  369 3584 5809 6272 9644 2703 4016 3761
 8385 1931 9092 6620 4892 7195 1967  440 8654 3566 8734 6234 5821 8826 3038
 3832 8447 9074 7857 9189 5504 1732 8482 8833 3041 6668  188 9261 3471 5639
 6841 8234 7069 3270 9306 2229 7469 5071 2534 5127 3149 5208 2085 2644 2446
 8615 3915 3787 3204 6641 4045 8187 6471 6998 9698 8449 3416 4594 8660 8927
 5388 5456  832 2127 1183 3253  159 5077    5 3596 1021 2431   57 5390 8825
 2685 3198  308 5076 8947 5775 2403 6868 9254 4843 8767 3857 2176 4226 6586
 8023 6769  718 7954 1325 1150 2123 1742 5352 8603 5254 6573 7822 9901 9420
 1927 7958  789 9012 9031 7021 6966 4795  707 3458 7607 5876 3058 1721 2106
 5341 7000 9442 7806 7061 6328 9980 6094 7816 4020 1393 3671 7923 5081 4955
 2080 3624 7493 4171 1756 9588 9330 8605 9867 6549  321 3444 5598 4829 4364
 9373 8906 7800 2015 3699 8888 3443 5967 8269 3288 1213 3568 3510 9767 8594
 5845 8398 5054 9312 2532 9008 5640 1109 3143 2214 7869 1683 6253 5535 5479
 1871 7012 4732 5580 9283 9936 5023 9777  331 1644 7048 4977 5910 3178 1597
 6380 1630 1687 8498 7754  998 7364 8230 6230 5379 6096 3203 5801 7896 4445
 1085 8389 2924 4419 6583 8036 6398 1063 9676 4974 4417 7623 7044 9797 8322
 6279 1281 8300 5157 5849 5569 2221 5567 4698 8971 9410 9830 5293 2912  944
  212 2764  395 7175 4780 8198 4726 4818 5301 6550 4759 9598 2755  381 9719
  876 1880 2738 8409 3161 6559 8462 2280 5133  228 3661 1801 4021  601 6700]