[3549  846 3871 6676 9388 4019 6458 7201 9922 1867 7104 2762 2277 8614 9096
  907  798 5001    2 4433 1321  700 9816 5112  916 8716 9530 2383 2345 3832
 8793 5945 9004 5740 3288 5189 7490 4213 4271 3878 9301 4201 9511 7620 7732
 7330 8347  539  497  731 2970 7561 9270 7394  128 1791 1389 4240 1987 3934
 2243 7668 3060 3033 1572 9210 5091 1325 7830 2476 2091 4309  117 6730 8409
 9192 8797 9859 6512 6018 4719 5375 1649 9314 3474 3742  513 3828  180 1689
 7706 4956 8042 2785 9697 2967 1790 4176 9885 2400 3470  867 2562 8267 2611
 6590 4818 8010 6653 1868 6647 4824 2692 1606 6774 3246  763 1001 8565 2938
 8281 1317 9214 1528 4600 4885  903 9420 7278 7084 9369 3080 3913 2197 9091
 9291 3067 8255 4259 2658 8953 7021 3123 2752 6830 7241  338 2734  179 8381
 5952 5998 4761 4624 2714 3005 4890 6760 2716 6294 2198 7591 7137 9570  577
 4069 6469 6043 9477 9521 6126 5552 2582 9313 6931 8294 5177 2625 7385 8515
 3315 3716 9753 1129 1730 4117 4868 1707 2814 7787 4687 7250 6530  674 4925
 3722  228 8780 8118 1063 2630 5234 9987 6097 2358 6767 3596 4720 6421 5480
 9151 5841 2209  769 6667 1891 3361  191 6498 9140 8324   16 6431 7247 4494
 1806 8216 3989 1145 6173 1068 2026 9701 6873 9249 9368 9101 6875 6495 2763
 9240 8276 7370 5419 4715 3426 9191  316 6426 2693 5053 4589 2885  549  594
 5110 1038 1365 9418 3595 9329  357 5635 6307 6144 3149 3255 7931 9357 7542
 2351 7721 5083 1172  402 2361 5614 1773 8442 5919 1440 6507 9292 2406 6459
 5483  274 7770 6682 4643 4241 6423 6514 1427 9560 2055  756 9639 8672 2085
 2665 3408 7682 8444 6231 6371 5075  533 5382 4768 7072  804 6933 1669 8796
 6976 4912 5194 8453 7631 6253 2815 7635 9544 7798 9537 2850 6073 6302 8009
 1596 3481 9963 5481   53 1088 5407 2802 7947 2699 8786  839 9540 9545 2958
 4013 1672 8300 4341 1664 5408 7699   99 6124 3499 3076  570 5300 9514 2417
 9221 3647 3135 5482 9265 8663 2631 2805  600 5369 9835 5488 8101 7386 3804
 9237 9014 9193 1282 4354 4647 3150 9656 4631 9084 1995 1998 8449 9863 7597
 8175 1760 6852 7441 8228 4023 6684 1738 3140 1482  728 7719 9575 5680 6370
 4483 1928 3752  935 4595 2940 9988 4899 3849 4463 3757 4942 8198 5333 1725
 2070 2324 2879 2824 3468 2304 8388 5923 5058 7797  774  938 2524  259 5392
 2256 4439 7681 8998 7333 7992 3880 4648 1688 9923 5124 2064 7320 8306 1679
 5753 5146  735 5059 1177 4598 7899 6322 4289 9820  505  350  816  359 4931
 8402 3724 2357 2160 4502  596 1888  346 9426   75 4175 6496 2373 8821 6234
 4821 2531 6681 9646 5041 6432 9831 7043   61 5558 4075 3559 9965 9296 3334
 6700 3931 5320 4414 7614 2843 2778 1559 8991 7329 3967  645 2135 6462 7605
 8239 7855 4809 6994 7666 4758 2765 8094  986 4035 7540 6425 2174 1670 6193
 6518 9605  317 3216 2322 8940 5683 1914 8809 3890  573 8839 5962 7235 7172
 6576 2305 6135 6960 2079 6056 9658 5289 2129 5072 1025 4999 9906 8644 2098
 4641   85 6108 5237 4740 9481 6211 2536 4181 1912 7148 3127  837 1286 7157
 2596 2040 5587 7976   46 7604 2788 5689 4579 1493 5817 1396 3750  692  606
 2233 6269 3467 1147 9682 8899 1205 1215 1491  295 4977 8585 5697 4714 6727
 8607 6356 5801 9467 6220 8029 9631 5385 1204 2901 6751 4578 8631 6644 3049
 2334 9062 3612 7019 8420 5508 1285 1008  356 6330  958  253  146 1121 9617
 8578  169 9720 8141 6601 5259 8626 2683 1058 8977 8335 5869 5343 3377 7012
  130 7056 1949 6885 1366 9884 3368   55 4103 5282 5065 3125 6385 1242  428
 9346 2577  451 5809 4613 4239  567 3053 1933 6347 9722 7233  196  123 1706
 6446 6490 5327 1902 5117 7686 6934 9406 4280 3908 8303 3412 1683  527 9035
 3356 5655 3453 2615  598 3065 7793 4210 4203 8834 2139  171 6851 8709 3761
 9670 1844 4430 8909 4456 3138 2173  613  697 7572 5778 1578 4383 2528 8660
 8853 3168  776 1759 5296 1201 1336 6716 7827 4449 4312 3295 9186 4404 1789
 6057 5679 2905 7592   18 1015  739 4157 4158 6151 5329 1293 2718 6339 2016
 5219 9458 5351 9134 7654 7700 9254 8069  767 4929 6311 1521  309 6438 6215
 7884  617 1395 3102 5786 7181 1194 9353 5447 3147 1986 8529 6261 7052 7952
 9711 2675 9805 6145 7230 5263 9777 9403 9784 6282 2494 9297 8926 7428 3178
 9493 6847 4973 8419 7608 5394 9232 7069 3370 3195 3609 3604 8723 9174 5207
  433 5831 4922 9205 3236 3480 1211 4886 1132 2203 5665 4402 4182 8434 6180
 4212 7739 4775 6098 5685 5658  789 3256 5256 3802 3267 2230 2153 8282 4109
 1764 5840 8428 1588 7404 3298 8352 6525 3825 5976 9188 2890 7575 5946 6101
 6409 6605 5899 2951 6441 6082 2215 7063 6192 3459 3025 1348 5765 9934 6625
  922 6086 8121 6879  202 3671 1116 4636 7769 6965 6906 9797 8133 1748 4367
 9121 7630 6391 2572 5489  355 6185 8600 3487 7500 8538 9994  780 7346 9110]